min=1
[2, 3, 5]
min=2
[3, 5, 4, 6, 10]
min=3
[4, 5, 9, 6, 6, 10, 15]
min=4
[5, 6, 8, 12, 6, 10, 9, 15, 20]
min=5
[6, 6, 8, 10, 15, 10, 9, 15, 12, 20, 25]
min=6
[6, 10, 8, 12, 12, 10, 9, 15, 25, 20, 15, 18, 30]
min=8
[9, 10, 10, 12, 12, 16, 30, 15, 25, 20, 15, 18, 24, 40]
min=9
[10, 12, 10, 15, 12, 16, 18, 40, 25, 20, 15, 18, 24, 30, 27, 45]
min=10
[10, 12, 16, 15, 12, 18, 18, 20, 25, 20, 15, 45, 24, 30, 27, 40, 30, 50]
min=12
[12, 15, 16, 20, 15, 18, 18, 24, 25, 20, 50, 45, 24, 30, 27, 40, 30, 36, 60]
min=15
[15, 20, 16, 24, 20, 18, 18, 30, 25, 60, 50, 45, 24, 30, 27, 40, 36, 30, 45, 75]
min=16
[18, 20, 18, 24, 20, 24, 27, 30, 25, 48, 50, 45, 75, 30, 45, 40, 36, 30, 32, 60, 80]
min=18
[18, 20, 24, 24, 20, 45, 27, 30, 25, 36, 50, 80, 75, 30, 45, 40, 36, 30, 32, 60, 48, 54, 90]
min=20
[20, 24, 24, 25, 36, 45, 27, 30, 30, 48, 40, 80, 75, 30, 45, 40, 36, 54, 32, 60, 90, 50, 60, 100]
min=24
[24, 25, 27, 30, 36, 45, 30, 36, 30, 48, 40, 72, 75, 60, 45, 40, 100, 54, 32, 60, 90, 50, 48, 80, 120]
min=25
[27, 30, 30, 30, 36, 45, 45, 36, 32, 48, 40, 50, 75, 60, 80, 40, 100, 54, 120, 60, 90, 50, 48, 72, 75, 125]
min=27
[30, 30, 30, 32, 36, 45, 45, 36, 54, 48, 40, 50, 54, 60, 80, 40, 100, 125, 120, 60, 90, 50, 48, 72, 75, 75, 81, 135]
min=30
[30, 32, 30, 36, 36, 45, 45, 40, 54, 48, 40, 50, 54, 60, 80, 135, 100, 125, 120, 60, 90, 50, 48, 72, 75, 75, 81, 60, 90, 150]
min=32
[36, 36, 45, 40, 40, 50, 45, 90, 54, 48, 48, 72, 54, 60, 80, 135, 100, 125, 120, 60, 90, 50, 60, 150, 75, 75, 81, 64, 96, 160]
min=36
[36, 40, 45, 54, 40, 50, 45, 90, 120, 48, 48, 72, 54, 60, 72, 135, 100, 125, 160, 60, 90, 50, 60, 150, 75, 75, 81, 64, 96, 80, 108, 180]
min=40
[40, 48, 45, 54, 48, 50, 45, 90, 120, 60, 50, 72, 54, 60, 72, 120, 100, 125, 160, 180, 90, 108, 60, 150, 75, 75, 81, 64, 96, 80, 80, 135, 200]
min=45
[45, 48, 50, 54, 48, 54, 60, 90, 120, 60, 50, 72, 75, 64, 72, 90, 100, 125, 160, 180, 90, 108, 60, 150, 75, 135, 81, 200, 96, 80, 80, 120, 135, 225]
min=48
[48, 50, 50, 54, 60, 54, 60, 90, 120, 90, 60, 72, 75, 64, 72, 90, 100, 125, 160, 180, 135, 108, 225, 150, 75, 135, 81, 200, 96, 80, 80, 120, 96, 144, 240]
min=50
[50, 54, 54, 90, 60, 72, 60, 90, 120, 90, 60, 75, 75, 64, 72, 96, 100, 125, 160, 180, 135, 108, 225, 150, 144, 135, 81, 200, 96, 80, 80, 120, 240, 100, 150, 250]
min=54
[54, 60, 60, 90, 60, 72, 64, 90, 120, 90, 108, 75, 75, 96, 72, 96, 100, 125, 160, 180, 135, 250, 225, 150, 144, 135, 81, 200, 150, 80, 80, 120, 240, 100, 108, 162, 270]
min=60
[60, 90, 60, 90, 90, 72, 64, 96, 120, 135, 108, 75, 75, 96, 72, 120, 100, 120, 160, 180, 270, 250, 225, 150, 144, 135, 81, 200, 150, 80, 80, 162, 240, 100, 108, 125, 180, 300]
min=64
[72, 90, 72, 90, 90, 75, 80, 96, 120, 135, 108, 144, 75, 96, 80, 120, 100, 120, 160, 180, 270, 250, 225, 150, 180, 135, 81, 200, 150, 300, 125, 162, 240, 100, 108, 128, 192, 320]
min=72
[72, 90, 75, 90, 90, 75, 80, 96, 120, 135, 108, 144, 81, 96, 80, 120, 100, 120, 144, 180, 270, 250, 225, 150, 180, 135, 320, 200, 150, 300, 125, 162, 240, 100, 108, 128, 192, 160, 216, 360]
min=75
[75, 90, 80, 90, 90, 81, 80, 96, 120, 135, 108, 144, 135, 96, 125, 120, 100, 120, 144, 180, 270, 250, 225, 150, 180, 360, 320, 200, 150, 300, 216, 162, 240, 100, 108, 128, 192, 160, 150, 225, 375]
min=80
[80, 90, 81, 90, 90, 135, 96, 96, 120, 135, 108, 144, 225, 150, 125, 120, 100, 120, 144, 160, 270, 250, 225, 150, 180, 360, 320, 200, 375, 300, 216, 162, 240, 100, 108, 128, 192, 160, 150, 180, 240, 400]
min=81
[90, 90, 96, 96, 90, 135, 125, 100, 120, 135, 108, 144, 225, 150, 216, 120, 100, 120, 144, 160, 243, 250, 225, 150, 180, 360, 320, 200, 375, 300, 400, 162, 240, 240, 108, 128, 192, 160, 150, 180, 162, 270, 405]
min=90
[90, 90, 96, 96, 108, 135, 125, 100, 120, 135, 225, 144, 225, 150, 216, 120, 100, 120, 144, 160, 180, 250, 405, 150, 180, 360, 320, 200, 375, 300, 400, 162, 240, 240, 108, 128, 192, 160, 150, 180, 162, 270, 243, 270, 450]
min=96
[96, 100, 125, 100, 108, 135, 150, 108, 120, 135, 225, 144, 225, 200, 216, 120, 240, 120, 144, 160, 180, 250, 405, 150, 180, 360, 320, 243, 375, 300, 400, 162, 240, 270, 450, 128, 192, 160, 150, 180, 162, 270, 192, 288, 480]
min=100
[100, 108, 125, 120, 108, 135, 150, 162, 120, 135, 200, 144, 225, 200, 216, 240, 240, 120, 144, 160, 180, 225, 405, 150, 180, 360, 320, 243, 375, 300, 400, 480, 288, 270, 450, 128, 192, 160, 150, 180, 162, 270, 192, 250, 300, 500]
min=108
[108, 120, 125, 120, 135, 135, 150, 162, 120, 160, 200, 144, 225, 200, 216, 240, 240, 128, 144, 162, 180, 216, 324, 150, 180, 360, 320, 243, 375, 300, 400, 480, 288, 270, 450, 300, 192, 160, 150, 180, 500, 270, 192, 250, 225, 405, 540]
min=120
[120, 120, 125, 128, 135, 135, 150, 162, 144, 160, 200, 144, 225, 200, 216, 240, 240, 192, 150, 162, 180, 216, 240, 150, 180, 360, 320, 243, 375, 300, 400, 480, 288, 270, 450, 300, 540, 160, 405, 180, 500, 270, 192, 250, 225, 324, 360, 600]
min=125
[128, 135, 135, 144, 160, 144, 150, 162, 150, 162, 200, 150, 225, 200, 216, 240, 240, 192, 160, 180, 180, 216, 240, 360, 180, 360, 320, 243, 375, 300, 400, 480, 288, 270, 450, 300, 540, 600, 405, 324, 500, 270, 192, 250, 225, 250, 375, 625]
min=128
[135, 144, 135, 150, 160, 144, 150, 162, 160, 162, 200, 150, 225, 200, 216, 240, 240, 192, 405, 180, 180, 216, 240, 256, 180, 360, 320, 243, 375, 300, 400, 480, 288, 270, 450, 300, 540, 600, 625, 324, 500, 270, 192, 250, 225, 250, 375, 360, 384, 640]
min=135
[135, 144, 144, 150, 160, 150, 150, 162, 160, 162, 200, 180, 225, 200, 216, 240, 240, 192, 405, 180, 180, 216, 240, 256, 270, 360, 320, 243, 375, 300, 400, 480, 288, 270, 450, 300, 540, 600, 625, 324, 500, 270, 192, 250, 225, 250, 375, 360, 384, 640, 405, 675]
min=144
[144, 150, 150, 160, 160, 180, 150, 162, 192, 162, 200, 256, 225, 200, 216, 240, 240, 300, 405, 180, 180, 216, 240, 360, 270, 360, 320, 243, 375, 300, 400, 480, 288, 270, 450, 675, 540, 600, 625, 324, 500, 270, 192, 250, 225, 250, 375, 405, 384, 640, 288, 432, 720]
min=150
[150, 160, 150, 162, 160, 180, 200, 240, 192, 162, 200, 256, 225, 243, 216, 288, 240, 300, 405, 180, 180, 216, 240, 360, 270, 300, 320, 432, 375, 300, 400, 480, 720, 270, 450, 675, 540, 600, 625, 324, 500, 270, 192, 250, 225, 250, 375, 405, 384, 640, 288, 360, 450, 750]
min=160
[160, 162, 180, 192, 162, 225, 200, 240, 300, 180, 200, 256, 300, 243, 216, 288, 240, 540, 405, 324, 180, 216, 240, 360, 270, 320, 320, 432, 375, 300, 400, 480, 720, 270, 450, 675, 750, 600, 625, 450, 500, 270, 192, 250, 225, 250, 375, 405, 384, 640, 288, 360, 480, 800]
min=162
[162, 180, 180, 192, 180, 225, 200, 240, 300, 192, 200, 256, 300, 243, 216, 288, 240, 540, 405, 324, 270, 216, 240, 360, 270, 320, 320, 432, 375, 300, 400, 480, 720, 270, 450, 675, 750, 600, 625, 450, 500, 480, 800, 250, 225, 250, 375, 405, 384, 640, 288, 360, 324, 486, 810]
min=180
[180, 192, 180, 240, 192, 225, 200, 240, 300, 270, 200, 256, 300, 243, 216, 288, 270, 540, 405, 324, 480, 216, 240, 360, 270, 320, 320, 432, 375, 300, 400, 480, 720, 486, 450, 675, 750, 600, 625, 450, 500, 810, 800, 250, 225, 250, 375, 405, 384, 640, 288, 360, 324, 360, 540, 900]
min=192
[192, 200, 200, 240, 216, 225, 216, 240, 300, 270, 225, 256, 300, 243, 300, 288, 270, 540, 405, 324, 480, 250, 240, 360, 270, 320, 320, 432, 375, 900, 400, 480, 720, 486, 450, 675, 750, 600, 625, 450, 500, 810, 800, 360, 540, 250, 375, 405, 384, 640, 288, 360, 324, 384, 576, 960]
min=200
[200, 216, 216, 240, 225, 225, 243, 240, 300, 270, 240, 256, 300, 375, 300, 288, 270, 540, 405, 324, 480, 250, 250, 360, 270, 320, 320, 432, 576, 900, 400, 480, 720, 486, 450, 675, 750, 600, 625, 450, 500, 810, 800, 360, 540, 960, 375, 405, 384, 640, 288, 360, 324, 384, 400, 600, 1000]
min=216
[216, 225, 225, 240, 240, 256, 243, 240, 300, 270, 250, 270, 300, 375, 300, 288, 270, 540, 405, 324, 480, 360, 250, 360, 288, 320, 320, 432, 576, 900, 400, 480, 720, 486, 450, 675, 750, 600, 625, 450, 500, 810, 800, 1000, 540, 960, 375, 405, 384, 640, 600, 360, 324, 384, 400, 432, 648, 1080]
min=225
[225, 240, 243, 240, 240, 256, 300, 270, 300, 270, 250, 270, 300, 375, 400, 288, 450, 540, 405, 324, 480, 360, 250, 360, 288, 320, 320, 432, 576, 900, 648, 480, 720, 486, 1080, 675, 750, 600, 625, 450, 500, 810, 800, 1000, 540, 960, 375, 405, 384, 640, 600, 360, 324, 384, 400, 432, 450, 675, 1125]
min=240
[240, 240, 243, 270, 250, 256, 300, 288, 300, 270, 250, 270, 300, 375, 400, 480, 450, 540, 405, 324, 480, 360, 375, 360, 288, 320, 320, 432, 480, 900, 648, 1125, 720, 486, 1080, 675, 750, 600, 625, 450, 500, 810, 800, 1000, 540, 960, 675, 405, 384, 640, 600, 360, 324, 384, 400, 432, 450, 576, 720, 1200]
min=243
[250, 250, 256, 270, 270, 270, 300, 288, 300, 324, 360, 288, 300, 375, 400, 480, 450, 540, 405, 450, 480, 540, 375, 360, 600, 320, 320, 432, 480, 900, 648, 1125, 720, 486, 1080, 675, 750, 600, 625, 576, 500, 810, 800, 1000, 1200, 960, 675, 405, 384, 640, 720, 360, 324, 384, 400, 432, 450, 486, 729, 1215]
min=250
[250, 270, 256, 288, 270, 270, 300, 450, 300, 324, 360, 288, 300, 375, 400, 480, 486, 540, 405, 450, 480, 540, 375, 360, 600, 320, 320, 432, 480, 500, 648, 1125, 720, 1215, 1080, 675, 750, 600, 625, 576, 500, 810, 800, 1000, 1200, 960, 675, 405, 384, 640, 720, 360, 324, 384, 400, 432, 450, 486, 729, 900, 750, 1250]
min=256
[270, 270, 270, 288, 324, 288, 300, 450, 300, 450, 360, 360, 300, 375, 400, 480, 486, 540, 405, 500, 480, 540, 375, 384, 600, 320, 320, 432, 480, 500, 648, 1125, 720, 1215, 1080, 675, 750, 600, 625, 576, 750, 810, 800, 1000, 1200, 960, 675, 405, 1250, 640, 720, 360, 324, 384, 400, 432, 450, 486, 729, 900, 512, 768, 1280]
min=270
[270, 288, 270, 300, 324, 288, 300, 450, 405, 450, 360, 360, 300, 375, 400, 480, 486, 540, 600, 500, 480, 540, 375, 384, 600, 320, 320, 432, 480, 500, 540, 810, 720, 1215, 1080, 675, 750, 1280, 625, 576, 750, 810, 800, 1000, 1200, 960, 675, 405, 1250, 640, 720, 360, 324, 384, 400, 432, 450, 486, 729, 900, 512, 768, 648, 1125, 1350]
min=288
[288, 300, 300, 405, 324, 320, 300, 450, 540, 450, 360, 360, 320, 375, 400, 480, 486, 675, 600, 500, 480, 540, 375, 384, 600, 324, 384, 432, 480, 500, 540, 810, 720, 1215, 1080, 1125, 750, 1280, 625, 576, 750, 810, 800, 1000, 1200, 960, 675, 405, 1250, 640, 720, 360, 1350, 648, 400, 432, 450, 486, 729, 900, 512, 768, 576, 864, 1440]
min=300
[300, 324, 300, 405, 360, 320, 375, 450, 540, 450, 375, 360, 320, 432, 400, 480, 486, 675, 600, 500, 480, 540, 675, 384, 600, 324, 384, 432, 480, 500, 540, 600, 720, 1215, 1080, 1125, 750, 1280, 625, 576, 750, 810, 800, 1000, 1200, 960, 1440, 405, 1250, 640, 720, 360, 1350, 648, 400, 864, 450, 486, 729, 900, 512, 768, 576, 810, 900, 1500]
min=320
[320, 324, 324, 405, 360, 360, 375, 450, 540, 450, 375, 384, 360, 432, 400, 480, 486, 675, 600, 500, 480, 540, 675, 405, 600, 900, 384, 432, 480, 500, 540, 600, 720, 1215, 1080, 1125, 750, 1280, 625, 576, 750, 810, 800, 1000, 1200, 960, 1440, 810, 1250, 640, 720, 1500, 1350, 648, 400, 864, 450, 486, 729, 900, 512, 768, 576, 640, 960, 1600]
min=324
[324, 360, 360, 405, 375, 360, 375, 450, 540, 450, 540, 384, 384, 432, 400, 480, 486, 675, 600, 500, 480, 1000, 675, 405, 600, 900, 400, 432, 480, 500, 540, 600, 720, 1215, 1080, 1125, 750, 1280, 625, 576, 750, 810, 800, 1600, 1200, 960, 1440, 810, 1250, 640, 720, 1500, 1350, 648, 960, 864, 450, 486, 729, 900, 512, 768, 576, 640, 648, 972, 1620]
min=360
[360, 375, 360, 405, 450, 384, 375, 450, 540, 480, 540, 405, 384, 432, 400, 480, 486, 675, 600, 500, 800, 1000, 675, 810, 600, 900, 400, 432, 480, 500, 540, 600, 720, 1215, 1080, 1125, 750, 1280, 625, 576, 750, 810, 1620, 1600, 1200, 960, 1440, 972, 1250, 640, 720, 1500, 1350, 648, 960, 864, 450, 486, 729, 900, 512, 768, 576, 640, 648, 720, 1080, 1800]
min=375
[375, 405, 384, 450, 450, 384, 400, 480, 540, 480, 540, 405, 400, 432, 500, 600, 486, 675, 600, 500, 800, 1000, 675, 810, 600, 900, 648, 432, 480, 512, 540, 640, 720, 1215, 1080, 1125, 750, 1280, 625, 576, 750, 810, 1620, 1600, 1200, 960, 1440, 972, 1250, 640, 720, 1500, 1350, 720, 960, 864, 450, 486, 729, 900, 1800, 768, 576, 1080, 648, 750, 1125, 1875]
375
